2022/02/02-18:42:36.536259 400172f900 RocksDB version: 6.20.3
2022/02/02-18:42:36.538127 400172f900 Git sha 01028f411f86e930a5436f757837da08a3f48f1a
2022/02/02-18:42:36.538140 400172f900 Compile date 2021-07-31 16:27:06
2022/02/02-18:42:36.538236 400172f900 DB SUMMARY
2022/02/02-18:42:36.538244 400172f900 DB Session ID:  0DFVYU4MX51JMF99LJGP
2022/02/02-18:42:36.538389 400172f900 SST files in /data/meta dir, Total Num: 0, files: 
2022/02/02-18:42:36.538403 400172f900 Write Ahead Log file in /data/meta: 
2022/02/02-18:42:36.538415 400172f900                         Options.error_if_exists: 0
2022/02/02-18:42:36.538422 400172f900                       Options.create_if_missing: 1
2022/02/02-18:42:36.538427 400172f900                         Options.paranoid_checks: 1
2022/02/02-18:42:36.538432 400172f900                               Options.track_and_verify_wals_in_manifest: 0
2022/02/02-18:42:36.538439 400172f900                                     Options.env: 0x4a51880
2022/02/02-18:42:36.538446 400172f900                                      Options.fs: Posix File System
2022/02/02-18:42:36.538451 400172f900                                Options.info_log: 0x400354d060
2022/02/02-18:42:36.538457 400172f900                Options.max_file_opening_threads: 16
2022/02/02-18:42:36.538462 400172f900                              Options.statistics: (nil)
2022/02/02-18:42:36.538468 400172f900                               Options.use_fsync: 0
2022/02/02-18:42:36.538473 400172f900                       Options.max_log_file_size: 0
2022/02/02-18:42:36.538479 400172f900                  Options.max_manifest_file_size: 1073741824
2022/02/02-18:42:36.538484 400172f900                   Options.log_file_time_to_roll: 0
2022/02/02-18:42:36.538489 400172f900                       Options.keep_log_file_num: 1000
2022/02/02-18:42:36.538494 400172f900                    Options.recycle_log_file_num: 0
2022/02/02-18:42:36.538500 400172f900                         Options.allow_fallocate: 1
2022/02/02-18:42:36.538505 400172f900                        Options.allow_mmap_reads: 0
2022/02/02-18:42:36.538510 400172f900                       Options.allow_mmap_writes: 0
2022/02/02-18:42:36.538515 400172f900                        Options.use_direct_reads: 0
2022/02/02-18:42:36.538521 400172f900                        Options.use_direct_io_for_flush_and_compaction: 0
2022/02/02-18:42:36.538526 400172f900          Options.create_missing_column_families: 0
2022/02/02-18:42:36.538531 400172f900                              Options.db_log_dir: 
2022/02/02-18:42:36.538536 400172f900                                 Options.wal_dir: /data/meta
2022/02/02-18:42:36.538541 400172f900                Options.table_cache_numshardbits: 6
2022/02/02-18:42:36.538546 400172f900                         Options.WAL_ttl_seconds: 86400
2022/02/02-18:42:36.538552 400172f900                       Options.WAL_size_limit_MB: 1024
2022/02/02-18:42:36.538557 400172f900                        Options.max_write_batch_group_size_bytes: 1048576
2022/02/02-18:42:36.538563 400172f900             Options.manifest_preallocation_size: 4194304
2022/02/02-18:42:36.538568 400172f900                     Options.is_fd_close_on_exec: 1
2022/02/02-18:42:36.538573 400172f900                   Options.advise_random_on_open: 1
2022/02/02-18:42:36.538578 400172f900                    Options.db_write_buffer_size: 0
2022/02/02-18:42:36.538583 400172f900                    Options.write_buffer_manager: 0x4003579670
2022/02/02-18:42:36.538589 400172f900         Options.access_hint_on_compaction_start: 1
2022/02/02-18:42:36.538594 400172f900  Options.new_table_reader_for_compaction_inputs: 0
2022/02/02-18:42:36.538599 400172f900           Options.random_access_max_buffer_size: 1048576
2022/02/02-18:42:36.538604 400172f900                      Options.use_adaptive_mutex: 0
2022/02/02-18:42:36.538610 400172f900                            Options.rate_limiter: (nil)
2022/02/02-18:42:36.538616 400172f900     Options.sst_file_manager.rate_bytes_per_sec: 0
2022/02/02-18:42:36.538622 400172f900                       Options.wal_recovery_mode: 2
2022/02/02-18:42:36.538627 400172f900                  Options.enable_thread_tracking: 0
2022/02/02-18:42:36.540255 400172f900                  Options.enable_pipelined_write: 0
2022/02/02-18:42:36.540265 400172f900                  Options.unordered_write: 0
2022/02/02-18:42:36.540271 400172f900         Options.allow_concurrent_memtable_write: 1
2022/02/02-18:42:36.540276 400172f900      Options.enable_write_thread_adaptive_yield: 1
2022/02/02-18:42:36.540282 400172f900             Options.write_thread_max_yield_usec: 100
2022/02/02-18:42:36.540287 400172f900            Options.write_thread_slow_yield_usec: 3
2022/02/02-18:42:36.540292 400172f900                               Options.row_cache: None
2022/02/02-18:42:36.540297 400172f900                              Options.wal_filter: None
2022/02/02-18:42:36.540303 400172f900             Options.avoid_flush_during_recovery: 0
2022/02/02-18:42:36.540309 400172f900             Options.allow_ingest_behind: 0
2022/02/02-18:42:36.540365 400172f900             Options.preserve_deletes: 0
2022/02/02-18:42:36.540485 400172f900             Options.two_write_queues: 0
2022/02/02-18:42:36.540491 400172f900             Options.manual_wal_flush: 0
2022/02/02-18:42:36.540497 400172f900             Options.atomic_flush: 0
2022/02/02-18:42:36.540503 400172f900             Options.avoid_unnecessary_blocking_io: 0
2022/02/02-18:42:36.540510 400172f900                 Options.persist_stats_to_disk: 0
2022/02/02-18:42:36.540515 400172f900                 Options.write_dbid_to_manifest: 0
2022/02/02-18:42:36.540521 400172f900                 Options.log_readahead_size: 0
2022/02/02-18:42:36.540527 400172f900                 Options.file_checksum_gen_factory: Unknown
2022/02/02-18:42:36.540611 400172f900                 Options.best_efforts_recovery: 0
2022/02/02-18:42:36.540629 400172f900                Options.max_bgerror_resume_count: 2147483647
2022/02/02-18:42:36.540635 400172f900            Options.bgerror_resume_retry_interval: 1000000
2022/02/02-18:42:36.540641 400172f900             Options.allow_data_in_errors: 0
2022/02/02-18:42:36.540646 400172f900             Options.db_host_id: __hostname__
2022/02/02-18:42:36.540652 400172f900             Options.max_background_jobs: 16
2022/02/02-18:42:36.540657 400172f900             Options.max_background_compactions: -1
2022/02/02-18:42:36.540663 400172f900             Options.max_subcompactions: 1
2022/02/02-18:42:36.540668 400172f900             Options.avoid_flush_during_shutdown: 0
2022/02/02-18:42:36.540673 400172f900           Options.writable_file_max_buffer_size: 1048576
2022/02/02-18:42:36.540679 400172f900             Options.delayed_write_rate : 16777216
2022/02/02-18:42:36.540684 400172f900             Options.max_total_wal_size: 0
2022/02/02-18:42:36.540689 400172f900             Options.delete_obsolete_files_period_micros: 21600000000
2022/02/02-18:42:36.540694 400172f900                   Options.stats_dump_period_sec: 600
2022/02/02-18:42:36.540699 400172f900                 Options.stats_persist_period_sec: 600
2022/02/02-18:42:36.540705 400172f900                 Options.stats_history_buffer_size: 1048576
2022/02/02-18:42:36.540710 400172f900                          Options.max_open_files: -1
2022/02/02-18:42:36.540716 400172f900                          Options.bytes_per_sync: 0
2022/02/02-18:42:36.540721 400172f900                      Options.wal_bytes_per_sync: 0
2022/02/02-18:42:36.540727 400172f900                   Options.strict_bytes_per_sync: 0
2022/02/02-18:42:36.540732 400172f900       Options.compaction_readahead_size: 0
2022/02/02-18:42:36.540737 400172f900                  Options.max_background_flushes: -1
2022/02/02-18:42:36.540742 400172f900 Compression algorithms supported:
2022/02/02-18:42:36.540747 400172f900 	kZSTDNotFinalCompression supported: 0
2022/02/02-18:42:36.540753 400172f900 	kZSTD supported: 0
2022/02/02-18:42:36.540758 400172f900 	kXpressCompression supported: 0
2022/02/02-18:42:36.540763 400172f900 	kLZ4HCCompression supported: 0
2022/02/02-18:42:36.540769 400172f900 	kLZ4Compression supported: 0
2022/02/02-18:42:36.540774 400172f900 	kBZip2Compression supported: 0
2022/02/02-18:42:36.542190 400172f900 	kZlibCompression supported: 1
2022/02/02-18:42:36.542201 400172f900 	kSnappyCompression supported: 1
2022/02/02-18:42:36.542288 400172f900 Fast CRC32 supported: Not supported on x86
2022/02/02-18:42:36.555143 400172f900 [/db_impl/db_impl_open.cc:285] Creating manifest 1 
2022/02/02-18:42:36.590720 400172f900 [/version_set.cc:4626] Recovering from manifest file: /data/meta/MANIFEST-000001
2022/02/02-18:42:36.598315 400172f900 [/column_family.cc:596] --------------- Options for column family [default]:
2022/02/02-18:42:36.598358 400172f900               Options.comparator: leveldb.BytewiseComparator
2022/02/02-18:42:36.598366 400172f900           Options.merge_operator: UInt64AddOperator
2022/02/02-18:42:36.598372 400172f900        Options.compaction_filter: None
2022/02/02-18:42:36.598377 400172f900        Options.compaction_filter_factory: None
2022/02/02-18:42:36.598383 400172f900  Options.sst_partitioner_factory: None
2022/02/02-18:42:36.598389 400172f900         Options.memtable_factory: SkipListFactory
2022/02/02-18:42:36.598395 400172f900            Options.table_factory: BlockBasedTable
2022/02/02-18:42:36.598574 400172f900            table_factory options:   flush_block_policy_factory: FlushBlockBySizePolicyFactory (0x4001d3a040)
  cache_index_and_filter_blocks: 0
  cache_index_and_filter_blocks_with_high_priority: 1
  pin_l0_filter_and_index_blocks_in_cache: 0
  pin_top_level_index_and_filter: 1
  index_type: 0
  data_block_index_type: 0
  index_shortening: 1
  data_block_hash_table_util_ratio: 0.750000
  hash_index_allow_collision: 1
  checksum: 1
  no_block_cache: 0
  block_cache: 0x40036a0990
  block_cache_name: LRUCache
  block_cache_options:
    capacity : 8388608
    num_shard_bits : 4
    strict_capacity_limit : 0
    memory_allocator : None
    high_pri_pool_ratio: 0.000
  block_cache_compressed: (nil)
  persistent_cache: (nil)
  block_size: 4096
  block_size_deviation: 10
  block_restart_interval: 16
  index_block_restart_interval: 1
  metadata_block_size: 4096
  partition_filters: 0
  use_delta_encoding: 1
  filter_policy: nullptr
  whole_key_filtering: 1
  verify_compression: 0
  read_amp_bytes_per_bit: 0
  format_version: 5
  enable_index_compression: 1
  block_align: 0
2022/02/02-18:42:36.598604 400172f900        Options.write_buffer_size: 4194304
2022/02/02-18:42:36.598611 400172f900  Options.max_write_buffer_number: 2
2022/02/02-18:42:36.598617 400172f900        Options.compression[0]: NoCompression
2022/02/02-18:42:36.598623 400172f900        Options.compression[1]: NoCompression
2022/02/02-18:42:36.598629 400172f900        Options.compression[2]: Snappy
2022/02/02-18:42:36.598634 400172f900        Options.compression[3]: Snappy
2022/02/02-18:42:36.598640 400172f900        Options.compression[4]: Snappy
2022/02/02-18:42:36.598645 400172f900        Options.compression[5]: Snappy
2022/02/02-18:42:36.598650 400172f900        Options.compression[6]: Snappy
2022/02/02-18:42:36.598656 400172f900                  Options.bottommost_compression: Disabled
2022/02/02-18:42:36.598662 400172f900       Options.prefix_extractor: nullptr
2022/02/02-18:42:36.598668 400172f900   Options.memtable_insert_with_hint_prefix_extractor: nullptr
2022/02/02-18:42:36.598673 400172f900             Options.num_levels: 7
2022/02/02-18:42:36.598679 400172f900        Options.min_write_buffer_number_to_merge: 1
2022/02/02-18:42:36.598684 400172f900     Options.max_write_buffer_number_to_maintain: 0
2022/02/02-18:42:36.598689 400172f900     Options.max_write_buffer_size_to_maintain: 0
2022/02/02-18:42:36.598695 400172f900            Options.bottommost_compression_opts.window_bits: -14
2022/02/02-18:42:36.598703 400172f900                  Options.bottommost_compression_opts.level: 32767
2022/02/02-18:42:36.598710 400172f900               Options.bottommost_compression_opts.strategy: 0
2022/02/02-18:42:36.598715 400172f900         Options.bottommost_compression_opts.max_dict_bytes: 0
2022/02/02-18:42:36.598724 400172f900         Options.bottommost_compression_opts.zstd_max_train_bytes: 0
2022/02/02-18:42:36.600072 400172f900         Options.bottommost_compression_opts.parallel_threads: 1
2022/02/02-18:42:36.600086 400172f900                  Options.bottommost_compression_opts.enabled: false
2022/02/02-18:42:36.600092 400172f900         Options.bottommost_compression_opts.max_dict_buffer_bytes: 0
2022/02/02-18:42:36.600099 400172f900            Options.compression_opts.window_bits: -14
2022/02/02-18:42:36.600104 400172f900                  Options.compression_opts.level: 32767
2022/02/02-18:42:36.600109 400172f900               Options.compression_opts.strategy: 0
2022/02/02-18:42:36.600115 400172f900         Options.compression_opts.max_dict_bytes: 0
2022/02/02-18:42:36.600120 400172f900         Options.compression_opts.zstd_max_train_bytes: 0
2022/02/02-18:42:36.600126 400172f900         Options.compression_opts.parallel_threads: 1
2022/02/02-18:42:36.600132 400172f900                  Options.compression_opts.enabled: false
2022/02/02-18:42:36.600138 400172f900         Options.compression_opts.max_dict_buffer_bytes: 0
2022/02/02-18:42:36.600144 400172f900      Options.level0_file_num_compaction_trigger: 2
2022/02/02-18:42:36.600151 400172f900          Options.level0_slowdown_writes_trigger: 20
2022/02/02-18:42:36.600156 400172f900              Options.level0_stop_writes_trigger: 36
2022/02/02-18:42:36.600162 400172f900                   Options.target_file_size_base: 67108864
2022/02/02-18:42:36.600168 400172f900             Options.target_file_size_multiplier: 1
2022/02/02-18:42:36.600174 400172f900                Options.max_bytes_for_level_base: 536870912
2022/02/02-18:42:36.600180 400172f900 Options.level_compaction_dynamic_level_bytes: 0
2022/02/02-18:42:36.600185 400172f900          Options.max_bytes_for_level_multiplier: 10.000000
2022/02/02-18:42:36.600204 400172f900 Options.max_bytes_for_level_multiplier_addtl[0]: 1
2022/02/02-18:42:36.600211 400172f900 Options.max_bytes_for_level_multiplier_addtl[1]: 1
2022/02/02-18:42:36.600217 400172f900 Options.max_bytes_for_level_multiplier_addtl[2]: 1
2022/02/02-18:42:36.600222 400172f900 Options.max_bytes_for_level_multiplier_addtl[3]: 1
2022/02/02-18:42:36.600227 400172f900 Options.max_bytes_for_level_multiplier_addtl[4]: 1
2022/02/02-18:42:36.600233 400172f900 Options.max_bytes_for_level_multiplier_addtl[5]: 1
2022/02/02-18:42:36.600239 400172f900 Options.max_bytes_for_level_multiplier_addtl[6]: 1
2022/02/02-18:42:36.600245 400172f900       Options.max_sequential_skip_in_iterations: 8
2022/02/02-18:42:36.600251 400172f900                    Options.max_compaction_bytes: 1677721600
2022/02/02-18:42:36.600256 400172f900                        Options.arena_block_size: 524288
2022/02/02-18:42:36.600261 400172f900   Options.soft_pending_compaction_bytes_limit: 68719476736
2022/02/02-18:42:36.600267 400172f900   Options.hard_pending_compaction_bytes_limit: 274877906944
2022/02/02-18:42:36.600272 400172f900       Options.rate_limit_delay_max_milliseconds: 100
2022/02/02-18:42:36.600277 400172f900                Options.disable_auto_compactions: 0
2022/02/02-18:42:36.600286 400172f900                        Options.compaction_style: kCompactionStyleLevel
2022/02/02-18:42:36.600292 400172f900                          Options.compaction_pri: kMinOverlappingRatio
2022/02/02-18:42:36.600297 400172f900 Options.compaction_options_universal.size_ratio: 1
2022/02/02-18:42:36.600303 400172f900 Options.compaction_options_universal.min_merge_width: 2
2022/02/02-18:42:36.600308 400172f900 Options.compaction_options_universal.max_merge_width: 4294967295
2022/02/02-18:42:36.600314 400172f900 Options.compaction_options_universal.max_size_amplification_percent: 200
2022/02/02-18:42:36.600319 400172f900 Options.compaction_options_universal.compression_size_percent: -1
2022/02/02-18:42:36.600326 400172f900 Options.compaction_options_universal.stop_style: kCompactionStopStyleTotalSize
2022/02/02-18:42:36.600331 400172f900 Options.compaction_options_fifo.max_table_files_size: 1073741824
2022/02/02-18:42:36.600337 400172f900 Options.compaction_options_fifo.allow_compaction: 0
2022/02/02-18:42:36.601540 400172f900                   Options.table_properties_collectors: 
2022/02/02-18:42:36.601551 400172f900                   Options.inplace_update_support: 0
2022/02/02-18:42:36.601556 400172f900                 Options.inplace_update_num_locks: 10000
2022/02/02-18:42:36.601595 400172f900               Options.memtable_prefix_bloom_size_ratio: 0.000000
2022/02/02-18:42:36.601605 400172f900               Options.memtable_whole_key_filtering: 0
2022/02/02-18:42:36.601610 400172f900   Options.memtable_huge_page_size: 0
2022/02/02-18:42:36.601617 400172f900                           Options.bloom_locality: 0
2022/02/02-18:42:36.601622 400172f900                    Options.max_successive_merges: 0
2022/02/02-18:42:36.601627 400172f900                Options.optimize_filters_for_hits: 0
2022/02/02-18:42:36.601633 400172f900                Options.paranoid_file_checks: 0
2022/02/02-18:42:36.601674 400172f900                Options.force_consistency_checks: 1
2022/02/02-18:42:36.601682 400172f900                Options.report_bg_io_stats: 0
2022/02/02-18:42:36.601687 400172f900                               Options.ttl: 2592000
2022/02/02-18:42:36.601733 400172f900          Options.periodic_compaction_seconds: 0
2022/02/02-18:42:36.601740 400172f900                    Options.enable_blob_files: false
2022/02/02-18:42:36.601746 400172f900                        Options.min_blob_size: 0
2022/02/02-18:42:36.601753 400172f900                       Options.blob_file_size: 268435456
2022/02/02-18:42:36.601759 400172f900                Options.blob_compression_type: NoCompression
2022/02/02-18:42:36.601764 400172f900       Options.enable_blob_garbage_collection: false
2022/02/02-18:42:36.601769 400172f900   Options.blob_garbage_collection_age_cutoff: 0.250000
2022/02/02-18:42:36.610576 400172f900 [/version_set.cc:4666] Recovered from manifest file:/data/meta/MANIFEST-000001 succeeded,manifest_file_number is 1, next_file_number is 3, last_sequence is 0, log_number is 0,prev_log_number is 0,max_column_family is 0,min_log_number_to_keep is 0
2022/02/02-18:42:36.610614 400172f900 [/version_set.cc:4681] Column family [default] (ID 0), log number is 0
2022/02/02-18:42:36.617637 400172f900 [/version_set.cc:4118] Creating manifest 4
2022/02/02-18:42:36.661560 400172f900 [/db_impl/db_impl_open.cc:1756] SstFileManager instance 0x40034c1400
2022/02/02-18:42:36.662655 400172f900 DB pointer 0x4003516000
2022/02/02-18:42:39.673918 4040365700 [/db_impl/db_impl.cc:931] ------- DUMPING STATS -------
2022/02/02-18:42:39.675363 4040365700 [/db_impl/db_impl.cc:933] 
** DB Stats **
Uptime(secs): 3.1 total, 3.1 interval
Cumulative writes: 0 writes, 0 keys, 0 commit groups, 0.0 writes per commit group, ingest: 0.00 GB, 0.00 MB/s
Cumulative WAL: 0 writes, 0 syncs, 0.00 writes per sync, written: 0.00 GB, 0.00 MB/s
Cumulative stall: 00:00:0.000 H:M:S, 0.0 percent
Interval writes: 0 writes, 0 keys, 0 commit groups, 0.0 writes per commit group, ingest: 0.00 MB, 0.00 MB/s
Interval WAL: 0 writes, 0 syncs, 0.00 writes per sync, written: 0.00 MB, 0.00 MB/s
Interval stall: 00:00:0.000 H:M:S, 0.0 percent

** Compaction Stats [default] **
Level    Files   Size     Score Read(GB)  Rn(GB) Rnp1(GB) Write(GB) Wnew(GB) Moved(GB) W-Amp Rd(MB/s) Wr(MB/s) Comp(sec) CompMergeCPU(sec) Comp(cnt) Avg(sec) KeyIn KeyDrop Rblob(GB) Wblob(GB)
------------------------------------------------------------------------------------------------------------------------------------------------------------------------------------------------
 Sum      0/0    0.00 KB   0.0      0.0     0.0      0.0       0.0      0.0       0.0   0.0      0.0      0.0      0.00              0.00         0    0.000       0      0       0.0       0.0
 Int      0/0    0.00 KB   0.0      0.0     0.0      0.0       0.0      0.0       0.0   0.0      0.0      0.0      0.00              0.00         0    0.000       0      0       0.0       0.0

** Compaction Stats [default] **
Priority    Files   Size     Score Read(GB)  Rn(GB) Rnp1(GB) Write(GB) Wnew(GB) Moved(GB) W-Amp Rd(MB/s) Wr(MB/s) Comp(sec) CompMergeCPU(sec) Comp(cnt) Avg(sec) KeyIn KeyDrop Rblob(GB) Wblob(GB)
---------------------------------------------------------------------------------------------------------------------------------------------------------------------------------------------------

Blob file count: 0, total size: 0.0 GB

Uptime(secs): 3.1 total, 3.1 interval
Flush(GB): cumulative 0.000, interval 0.000
AddFile(GB): cumulative 0.000, interval 0.000
AddFile(Total Files): cumulative 0, interval 0
AddFile(L0 Files): cumulative 0, interval 0
AddFile(Keys): cumulative 0, interval 0
Cumulative compaction: 0.00 GB write, 0.00 MB/s write, 0.00 GB read, 0.00 MB/s read, 0.0 seconds
Interval compaction: 0.00 GB write, 0.00 MB/s write, 0.00 GB read, 0.00 MB/s read, 0.0 seconds
Stalls(count): 0 level0_slowdown, 0 level0_slowdown_with_compaction, 0 level0_numfiles, 0 level0_numfiles_with_compaction, 0 stop for pending_compaction_bytes, 0 slowdown for pending_compaction_bytes, 0 memtable_compaction, 0 memtable_slowdown, interval 0 total count

** File Read Latency Histogram By Level [default] **

** Compaction Stats [default] **
Level    Files   Size     Score Read(GB)  Rn(GB) Rnp1(GB) Write(GB) Wnew(GB) Moved(GB) W-Amp Rd(MB/s) Wr(MB/s) Comp(sec) CompMergeCPU(sec) Comp(cnt) Avg(sec) KeyIn KeyDrop Rblob(GB) Wblob(GB)
------------------------------------------------------------------------------------------------------------------------------------------------------------------------------------------------
 Sum      0/0    0.00 KB   0.0      0.0     0.0      0.0       0.0      0.0       0.0   0.0      0.0      0.0      0.00              0.00         0    0.000       0      0       0.0       0.0
 Int      0/0    0.00 KB   0.0      0.0     0.0      0.0       0.0      0.0       0.0   0.0      0.0      0.0      0.00              0.00         0    0.000       0      0       0.0       0.0

** Compaction Stats [default] **
Priority    Files   Size     Score Read(GB)  Rn(GB) Rnp1(GB) Write(GB) Wnew(GB) Moved(GB) W-Amp Rd(MB/s) Wr(MB/s) Comp(sec) CompMergeCPU(sec) Comp(cnt) Avg(sec) KeyIn KeyDrop Rblob(GB) Wblob(GB)
---------------------------------------------------------------------------------------------------------------------------------------------------------------------------------------------------

Blob file count: 0, total size: 0.0 GB

Uptime(secs): 3.1 total, 0.0 interval
Flush(GB): cumulative 0.000, interval 0.000
AddFile(GB): cumulative 0.000, interval 0.000
AddFile(Total Files): cumulative 0, interval 0
AddFile(L0 Files): cumulative 0, interval 0
AddFile(Keys): cumulative 0, interval 0
Cumulative compaction: 0.00 GB write, 0.00 MB/s write, 0.00 GB read, 0.00 MB/s read, 0.0 seconds
Interval compaction: 0.00 GB write, 0.00 MB/s write, 0.00 GB read, 0.00 MB/s read, 0.0 seconds
Stalls(count): 0 level0_slowdown, 0 level0_slowdown_with_compaction, 0 level0_numfiles, 0 level0_numfiles_with_compaction, 0 stop for pending_compaction_bytes, 0 slowdown for pending_compaction_bytes, 0 memtable_compaction, 0 memtable_slowdown, interval 0 total count

** File Read Latency Histogram By Level [default] **
2022/02/02-18:52:39.693915 4040365700 [/db_impl/db_impl.cc:931] ------- DUMPING STATS -------
2022/02/02-18:52:39.716182 4040365700 [/db_impl/db_impl.cc:933] 
** DB Stats **
Uptime(secs): 603.1 total, 600.0 interval
Cumulative writes: 0 writes, 0 keys, 0 commit groups, 0.0 writes per commit group, ingest: 0.00 GB, 0.00 MB/s
Cumulative WAL: 0 writes, 0 syncs, 0.00 writes per sync, written: 0.00 GB, 0.00 MB/s
Cumulative stall: 00:00:0.000 H:M:S, 0.0 percent
Interval writes: 0 writes, 0 keys, 0 commit groups, 0.0 writes per commit group, ingest: 0.00 MB, 0.00 MB/s
Interval WAL: 0 writes, 0 syncs, 0.00 writes per sync, written: 0.00 MB, 0.00 MB/s
Interval stall: 00:00:0.000 H:M:S, 0.0 percent

** Compaction Stats [default] **
Level    Files   Size     Score Read(GB)  Rn(GB) Rnp1(GB) Write(GB) Wnew(GB) Moved(GB) W-Amp Rd(MB/s) Wr(MB/s) Comp(sec) CompMergeCPU(sec) Comp(cnt) Avg(sec) KeyIn KeyDrop Rblob(GB) Wblob(GB)
------------------------------------------------------------------------------------------------------------------------------------------------------------------------------------------------
 Sum      0/0    0.00 KB   0.0      0.0     0.0      0.0       0.0      0.0       0.0   0.0      0.0      0.0      0.00              0.00         0    0.000       0      0       0.0       0.0
 Int      0/0    0.00 KB   0.0      0.0     0.0      0.0       0.0      0.0       0.0   0.0      0.0      0.0      0.00              0.00         0    0.000       0      0       0.0       0.0

** Compaction Stats [default] **
Priority    Files   Size     Score Read(GB)  Rn(GB) Rnp1(GB) Write(GB) Wnew(GB) Moved(GB) W-Amp Rd(MB/s) Wr(MB/s) Comp(sec) CompMergeCPU(sec) Comp(cnt) Avg(sec) KeyIn KeyDrop Rblob(GB) Wblob(GB)
---------------------------------------------------------------------------------------------------------------------------------------------------------------------------------------------------

Blob file count: 0, total size: 0.0 GB

Uptime(secs): 603.1 total, 600.0 interval
Flush(GB): cumulative 0.000, interval 0.000
AddFile(GB): cumulative 0.000, interval 0.000
AddFile(Total Files): cumulative 0, interval 0
AddFile(L0 Files): cumulative 0, interval 0
AddFile(Keys): cumulative 0, interval 0
Cumulative compaction: 0.00 GB write, 0.00 MB/s write, 0.00 GB read, 0.00 MB/s read, 0.0 seconds
Interval compaction: 0.00 GB write, 0.00 MB/s write, 0.00 GB read, 0.00 MB/s read, 0.0 seconds
Stalls(count): 0 level0_slowdown, 0 level0_slowdown_with_compaction, 0 level0_numfiles, 0 level0_numfiles_with_compaction, 0 stop for pending_compaction_bytes, 0 slowdown for pending_compaction_bytes, 0 memtable_compaction, 0 memtable_slowdown, interval 0 total count

** File Read Latency Histogram By Level [default] **

** Compaction Stats [default] **
Level    Files   Size     Score Read(GB)  Rn(GB) Rnp1(GB) Write(GB) Wnew(GB) Moved(GB) W-Amp Rd(MB/s) Wr(MB/s) Comp(sec) CompMergeCPU(sec) Comp(cnt) Avg(sec) KeyIn KeyDrop Rblob(GB) Wblob(GB)
------------------------------------------------------------------------------------------------------------------------------------------------------------------------------------------------
 Sum      0/0    0.00 KB   0.0      0.0     0.0      0.0       0.0      0.0       0.0   0.0      0.0      0.0      0.00              0.00         0    0.000       0      0       0.0       0.0
 Int      0/0    0.00 KB   0.0      0.0     0.0      0.0       0.0      0.0       0.0   0.0      0.0      0.0      0.00              0.00         0    0.000       0      0       0.0       0.0

** Compaction Stats [default] **
Priority    Files   Size     Score Read(GB)  Rn(GB) Rnp1(GB) Write(GB) Wnew(GB) Moved(GB) W-Amp Rd(MB/s) Wr(MB/s) Comp(sec) CompMergeCPU(sec) Comp(cnt) Avg(sec) KeyIn KeyDrop Rblob(GB) Wblob(GB)
---------------------------------------------------------------------------------------------------------------------------------------------------------------------------------------------------

Blob file count: 0, total size: 0.0 GB

Uptime(secs): 603.1 total, 0.0 interval
Flush(GB): cumulative 0.000, interval 0.000
AddFile(GB): cumulative 0.000, interval 0.000
AddFile(Total Files): cumulative 0, interval 0
AddFile(L0 Files): cumulative 0, interval 0
AddFile(Keys): cumulative 0, interval 0
Cumulative compaction: 0.00 GB write, 0.00 MB/s write, 0.00 GB read, 0.00 MB/s read, 0.0 seconds
Interval compaction: 0.00 GB write, 0.00 MB/s write, 0.00 GB read, 0.00 MB/s read, 0.0 seconds
Stalls(count): 0 level0_slowdown, 0 level0_slowdown_with_compaction, 0 level0_numfiles, 0 level0_numfiles_with_compaction, 0 stop for pending_compaction_bytes, 0 slowdown for pending_compaction_bytes, 0 memtable_compaction, 0 memtable_slowdown, interval 0 total count

** File Read Latency Histogram By Level [default] **
2022/02/02-19:11:58.089325 4040365700 [/db_impl/db_impl.cc:931] ------- DUMPING STATS -------
2022/02/02-19:11:58.090933 4040365700 [/db_impl/db_impl.cc:933] 
** DB Stats **
Uptime(secs): 1761.5 total, 1158.4 interval
Cumulative writes: 0 writes, 0 keys, 0 commit groups, 0.0 writes per commit group, ingest: 0.00 GB, 0.00 MB/s
Cumulative WAL: 0 writes, 0 syncs, 0.00 writes per sync, written: 0.00 GB, 0.00 MB/s
Cumulative stall: 00:00:0.000 H:M:S, 0.0 percent
Interval writes: 0 writes, 0 keys, 0 commit groups, 0.0 writes per commit group, ingest: 0.00 MB, 0.00 MB/s
Interval WAL: 0 writes, 0 syncs, 0.00 writes per sync, written: 0.00 MB, 0.00 MB/s
Interval stall: 00:00:0.000 H:M:S, 0.0 percent

** Compaction Stats [default] **
Level    Files   Size     Score Read(GB)  Rn(GB) Rnp1(GB) Write(GB) Wnew(GB) Moved(GB) W-Amp Rd(MB/s) Wr(MB/s) Comp(sec) CompMergeCPU(sec) Comp(cnt) Avg(sec) KeyIn KeyDrop Rblob(GB) Wblob(GB)
------------------------------------------------------------------------------------------------------------------------------------------------------------------------------------------------
 Sum      0/0    0.00 KB   0.0      0.0     0.0      0.0       0.0      0.0       0.0   0.0      0.0      0.0      0.00              0.00         0    0.000       0      0       0.0       0.0
 Int      0/0    0.00 KB   0.0      0.0     0.0      0.0       0.0      0.0       0.0   0.0      0.0      0.0      0.00              0.00         0    0.000       0      0       0.0       0.0

** Compaction Stats [default] **
Priority    Files   Size     Score Read(GB)  Rn(GB) Rnp1(GB) Write(GB) Wnew(GB) Moved(GB) W-Amp Rd(MB/s) Wr(MB/s) Comp(sec) CompMergeCPU(sec) Comp(cnt) Avg(sec) KeyIn KeyDrop Rblob(GB) Wblob(GB)
---------------------------------------------------------------------------------------------------------------------------------------------------------------------------------------------------

Blob file count: 0, total size: 0.0 GB

Uptime(secs): 1761.5 total, 1158.4 interval
Flush(GB): cumulative 0.000, interval 0.000
AddFile(GB): cumulative 0.000, interval 0.000
AddFile(Total Files): cumulative 0, interval 0
AddFile(L0 Files): cumulative 0, interval 0
AddFile(Keys): cumulative 0, interval 0
Cumulative compaction: 0.00 GB write, 0.00 MB/s write, 0.00 GB read, 0.00 MB/s read, 0.0 seconds
Interval compaction: 0.00 GB write, 0.00 MB/s write, 0.00 GB read, 0.00 MB/s read, 0.0 seconds
Stalls(count): 0 level0_slowdown, 0 level0_slowdown_with_compaction, 0 level0_numfiles, 0 level0_numfiles_with_compaction, 0 stop for pending_compaction_bytes, 0 slowdown for pending_compaction_bytes, 0 memtable_compaction, 0 memtable_slowdown, interval 0 total count

** File Read Latency Histogram By Level [default] **

** Compaction Stats [default] **
Level    Files   Size     Score Read(GB)  Rn(GB) Rnp1(GB) Write(GB) Wnew(GB) Moved(GB) W-Amp Rd(MB/s) Wr(MB/s) Comp(sec) CompMergeCPU(sec) Comp(cnt) Avg(sec) KeyIn KeyDrop Rblob(GB) Wblob(GB)
------------------------------------------------------------------------------------------------------------------------------------------------------------------------------------------------
 Sum      0/0    0.00 KB   0.0      0.0     0.0      0.0       0.0      0.0       0.0   0.0      0.0      0.0      0.00              0.00         0    0.000       0      0       0.0       0.0
 Int      0/0    0.00 KB   0.0      0.0     0.0      0.0       0.0      0.0       0.0   0.0      0.0      0.0      0.00              0.00         0    0.000       0      0       0.0       0.0

** Compaction Stats [default] **
Priority    Files   Size     Score Read(GB)  Rn(GB) Rnp1(GB) Write(GB) Wnew(GB) Moved(GB) W-Amp Rd(MB/s) Wr(MB/s) Comp(sec) CompMergeCPU(sec) Comp(cnt) Avg(sec) KeyIn KeyDrop Rblob(GB) Wblob(GB)
---------------------------------------------------------------------------------------------------------------------------------------------------------------------------------------------------

Blob file count: 0, total size: 0.0 GB

Uptime(secs): 1761.5 total, 0.0 interval
Flush(GB): cumulative 0.000, interval 0.000
AddFile(GB): cumulative 0.000, interval 0.000
AddFile(Total Files): cumulative 0, interval 0
AddFile(L0 Files): cumulative 0, interval 0
AddFile(Keys): cumulative 0, interval 0
Cumulative compaction: 0.00 GB write, 0.00 MB/s write, 0.00 GB read, 0.00 MB/s read, 0.0 seconds
Interval compaction: 0.00 GB write, 0.00 MB/s write, 0.00 GB read, 0.00 MB/s read, 0.0 seconds
Stalls(count): 0 level0_slowdown, 0 level0_slowdown_with_compaction, 0 level0_numfiles, 0 level0_numfiles_with_compaction, 0 stop for pending_compaction_bytes, 0 slowdown for pending_compaction_bytes, 0 memtable_compaction, 0 memtable_slowdown, interval 0 total count

** File Read Latency Histogram By Level [default] **
2022/02/02-19:11:58.732155 4057393700 [/db_impl/db_impl_compaction_flush.cc:1571] [default] Manual flush start.
2022/02/02-19:11:58.732214 4057393700 [/db_impl/db_impl_compaction_flush.cc:1581] [default] Manual flush finished, status: OK
2022/02/02-19:29:10.784846 4040365700 [/db_impl/db_impl.cc:931] ------- DUMPING STATS -------
2022/02/02-19:29:10.787001 4040365700 [/db_impl/db_impl.cc:933] 
** DB Stats **
Uptime(secs): 2794.2 total, 1032.7 interval
Cumulative writes: 0 writes, 0 keys, 0 commit groups, 0.0 writes per commit group, ingest: 0.00 GB, 0.00 MB/s
Cumulative WAL: 0 writes, 0 syncs, 0.00 writes per sync, written: 0.00 GB, 0.00 MB/s
Cumulative stall: 00:00:0.000 H:M:S, 0.0 percent
Interval writes: 0 writes, 0 keys, 0 commit groups, 0.0 writes per commit group, ingest: 0.00 MB, 0.00 MB/s
Interval WAL: 0 writes, 0 syncs, 0.00 writes per sync, written: 0.00 MB, 0.00 MB/s
Interval stall: 00:00:0.000 H:M:S, 0.0 percent

** Compaction Stats [default] **
Level    Files   Size     Score Read(GB)  Rn(GB) Rnp1(GB) Write(GB) Wnew(GB) Moved(GB) W-Amp Rd(MB/s) Wr(MB/s) Comp(sec) CompMergeCPU(sec) Comp(cnt) Avg(sec) KeyIn KeyDrop Rblob(GB) Wblob(GB)
------------------------------------------------------------------------------------------------------------------------------------------------------------------------------------------------
 Sum      0/0    0.00 KB   0.0      0.0     0.0      0.0       0.0      0.0       0.0   0.0      0.0      0.0      0.00              0.00         0    0.000       0      0       0.0       0.0
 Int      0/0    0.00 KB   0.0      0.0     0.0      0.0       0.0      0.0       0.0   0.0      0.0      0.0      0.00              0.00         0    0.000       0      0       0.0       0.0

** Compaction Stats [default] **
Priority    Files   Size     Score Read(GB)  Rn(GB) Rnp1(GB) Write(GB) Wnew(GB) Moved(GB) W-Amp Rd(MB/s) Wr(MB/s) Comp(sec) CompMergeCPU(sec) Comp(cnt) Avg(sec) KeyIn KeyDrop Rblob(GB) Wblob(GB)
---------------------------------------------------------------------------------------------------------------------------------------------------------------------------------------------------

Blob file count: 0, total size: 0.0 GB

Uptime(secs): 2794.2 total, 1032.7 interval
Flush(GB): cumulative 0.000, interval 0.000
AddFile(GB): cumulative 0.000, interval 0.000
AddFile(Total Files): cumulative 0, interval 0
AddFile(L0 Files): cumulative 0, interval 0
AddFile(Keys): cumulative 0, interval 0
Cumulative compaction: 0.00 GB write, 0.00 MB/s write, 0.00 GB read, 0.00 MB/s read, 0.0 seconds
Interval compaction: 0.00 GB write, 0.00 MB/s write, 0.00 GB read, 0.00 MB/s read, 0.0 seconds
Stalls(count): 0 level0_slowdown, 0 level0_slowdown_with_compaction, 0 level0_numfiles, 0 level0_numfiles_with_compaction, 0 stop for pending_compaction_bytes, 0 slowdown for pending_compaction_bytes, 0 memtable_compaction, 0 memtable_slowdown, interval 0 total count

** File Read Latency Histogram By Level [default] **

** Compaction Stats [default] **
Level    Files   Size     Score Read(GB)  Rn(GB) Rnp1(GB) Write(GB) Wnew(GB) Moved(GB) W-Amp Rd(MB/s) Wr(MB/s) Comp(sec) CompMergeCPU(sec) Comp(cnt) Avg(sec) KeyIn KeyDrop Rblob(GB) Wblob(GB)
------------------------------------------------------------------------------------------------------------------------------------------------------------------------------------------------
 Sum      0/0    0.00 KB   0.0      0.0     0.0      0.0       0.0      0.0       0.0   0.0      0.0      0.0      0.00              0.00         0    0.000       0      0       0.0       0.0
 Int      0/0    0.00 KB   0.0      0.0     0.0      0.0       0.0      0.0       0.0   0.0      0.0      0.0      0.00              0.00         0    0.000       0      0       0.0       0.0

** Compaction Stats [default] **
Priority    Files   Size     Score Read(GB)  Rn(GB) Rnp1(GB) Write(GB) Wnew(GB) Moved(GB) W-Amp Rd(MB/s) Wr(MB/s) Comp(sec) CompMergeCPU(sec) Comp(cnt) Avg(sec) KeyIn KeyDrop Rblob(GB) Wblob(GB)
---------------------------------------------------------------------------------------------------------------------------------------------------------------------------------------------------

Blob file count: 0, total size: 0.0 GB

Uptime(secs): 2794.2 total, 0.0 interval
Flush(GB): cumulative 0.000, interval 0.000
AddFile(GB): cumulative 0.000, interval 0.000
AddFile(Total Files): cumulative 0, interval 0
AddFile(L0 Files): cumulative 0, interval 0
AddFile(Keys): cumulative 0, interval 0
Cumulative compaction: 0.00 GB write, 0.00 MB/s write, 0.00 GB read, 0.00 MB/s read, 0.0 seconds
Interval compaction: 0.00 GB write, 0.00 MB/s write, 0.00 GB read, 0.00 MB/s read, 0.0 seconds
Stalls(count): 0 level0_slowdown, 0 level0_slowdown_with_compaction, 0 level0_numfiles, 0 level0_numfiles_with_compaction, 0 stop for pending_compaction_bytes, 0 slowdown for pending_compaction_bytes, 0 memtable_compaction, 0 memtable_slowdown, interval 0 total count

** File Read Latency Histogram By Level [default] **
2022/02/02-19:46:30.996081 4040365700 [/db_impl/db_impl.cc:931] ------- DUMPING STATS -------
2022/02/02-19:46:30.997708 4040365700 [/db_impl/db_impl.cc:933] 
** DB Stats **
Uptime(secs): 3834.4 total, 1040.2 interval
Cumulative writes: 0 writes, 0 keys, 0 commit groups, 0.0 writes per commit group, ingest: 0.00 GB, 0.00 MB/s
Cumulative WAL: 0 writes, 0 syncs, 0.00 writes per sync, written: 0.00 GB, 0.00 MB/s
Cumulative stall: 00:00:0.000 H:M:S, 0.0 percent
Interval writes: 0 writes, 0 keys, 0 commit groups, 0.0 writes per commit group, ingest: 0.00 MB, 0.00 MB/s
Interval WAL: 0 writes, 0 syncs, 0.00 writes per sync, written: 0.00 MB, 0.00 MB/s
Interval stall: 00:00:0.000 H:M:S, 0.0 percent

** Compaction Stats [default] **
Level    Files   Size     Score Read(GB)  Rn(GB) Rnp1(GB) Write(GB) Wnew(GB) Moved(GB) W-Amp Rd(MB/s) Wr(MB/s) Comp(sec) CompMergeCPU(sec) Comp(cnt) Avg(sec) KeyIn KeyDrop Rblob(GB) Wblob(GB)
------------------------------------------------------------------------------------------------------------------------------------------------------------------------------------------------
 Sum      0/0    0.00 KB   0.0      0.0     0.0      0.0       0.0      0.0       0.0   0.0      0.0      0.0      0.00              0.00         0    0.000       0      0       0.0       0.0
 Int      0/0    0.00 KB   0.0      0.0     0.0      0.0       0.0      0.0       0.0   0.0      0.0      0.0      0.00              0.00         0    0.000       0      0       0.0       0.0

** Compaction Stats [default] **
