2022/02/02-18:42:36.838948 4055b90700 RocksDB version: 6.20.3
2022/02/02-18:42:36.840317 4055b90700 Git sha 01028f411f86e930a5436f757837da08a3f48f1a
2022/02/02-18:42:36.840329 4055b90700 Compile date 2021-07-31 16:27:06
2022/02/02-18:42:36.840484 4055b90700 DB SUMMARY
2022/02/02-18:42:36.840492 4055b90700 DB Session ID:  M07R9KUY807OG0GZVM0J
2022/02/02-18:42:36.840619 4055b90700 SST files in /data/db dir, Total Num: 0, files: 
2022/02/02-18:42:36.840633 4055b90700 Write Ahead Log file in /data/db: 
2022/02/02-18:42:36.840640 4055b90700                         Options.error_if_exists: 0
2022/02/02-18:42:36.840646 4055b90700                       Options.create_if_missing: 1
2022/02/02-18:42:36.840651 4055b90700                         Options.paranoid_checks: 1
2022/02/02-18:42:36.840656 4055b90700                               Options.track_and_verify_wals_in_manifest: 0
2022/02/02-18:42:36.840662 4055b90700                                     Options.env: 0x4a51880
2022/02/02-18:42:36.840669 4055b90700                                      Options.fs: Posix File System
2022/02/02-18:42:36.840674 4055b90700                                Options.info_log: 0x400354af90
2022/02/02-18:42:36.840679 4055b90700                Options.max_file_opening_threads: 16
2022/02/02-18:42:36.840684 4055b90700                              Options.statistics: (nil)
2022/02/02-18:42:36.840691 4055b90700                               Options.use_fsync: 0
2022/02/02-18:42:36.840696 4055b90700                       Options.max_log_file_size: 0
2022/02/02-18:42:36.840702 4055b90700                  Options.max_manifest_file_size: 1073741824
2022/02/02-18:42:36.840707 4055b90700                   Options.log_file_time_to_roll: 0
2022/02/02-18:42:36.840712 4055b90700                       Options.keep_log_file_num: 1000
2022/02/02-18:42:36.840717 4055b90700                    Options.recycle_log_file_num: 0
2022/02/02-18:42:36.840723 4055b90700                         Options.allow_fallocate: 1
2022/02/02-18:42:36.840728 4055b90700                        Options.allow_mmap_reads: 0
2022/02/02-18:42:36.840733 4055b90700                       Options.allow_mmap_writes: 0
2022/02/02-18:42:36.840738 4055b90700                        Options.use_direct_reads: 0
2022/02/02-18:42:36.840743 4055b90700                        Options.use_direct_io_for_flush_and_compaction: 0
2022/02/02-18:42:36.840748 4055b90700          Options.create_missing_column_families: 0
2022/02/02-18:42:36.840754 4055b90700                              Options.db_log_dir: 
2022/02/02-18:42:36.840759 4055b90700                                 Options.wal_dir: /data/db
2022/02/02-18:42:36.840764 4055b90700                Options.table_cache_numshardbits: 6
2022/02/02-18:42:36.840769 4055b90700                         Options.WAL_ttl_seconds: 86400
2022/02/02-18:42:36.840774 4055b90700                       Options.WAL_size_limit_MB: 1024
2022/02/02-18:42:36.840779 4055b90700                        Options.max_write_batch_group_size_bytes: 1048576
2022/02/02-18:42:36.840785 4055b90700             Options.manifest_preallocation_size: 4194304
2022/02/02-18:42:36.840790 4055b90700                     Options.is_fd_close_on_exec: 1
2022/02/02-18:42:36.840795 4055b90700                   Options.advise_random_on_open: 1
2022/02/02-18:42:36.840800 4055b90700                    Options.db_write_buffer_size: 0
2022/02/02-18:42:36.840805 4055b90700                    Options.write_buffer_manager: 0x40035795b0
2022/02/02-18:42:36.840811 4055b90700         Options.access_hint_on_compaction_start: 1
2022/02/02-18:42:36.840832 4055b90700  Options.new_table_reader_for_compaction_inputs: 0
2022/02/02-18:42:36.840838 4055b90700           Options.random_access_max_buffer_size: 1048576
2022/02/02-18:42:36.840843 4055b90700                      Options.use_adaptive_mutex: 0
2022/02/02-18:42:36.840848 4055b90700                            Options.rate_limiter: (nil)
2022/02/02-18:42:36.840855 4055b90700     Options.sst_file_manager.rate_bytes_per_sec: 0
2022/02/02-18:42:36.840860 4055b90700                       Options.wal_recovery_mode: 2
2022/02/02-18:42:36.840866 4055b90700                  Options.enable_thread_tracking: 0
2022/02/02-18:42:36.842584 4055b90700                  Options.enable_pipelined_write: 0
2022/02/02-18:42:36.842594 4055b90700                  Options.unordered_write: 0
2022/02/02-18:42:36.842600 4055b90700         Options.allow_concurrent_memtable_write: 1
2022/02/02-18:42:36.842605 4055b90700      Options.enable_write_thread_adaptive_yield: 1
2022/02/02-18:42:36.842610 4055b90700             Options.write_thread_max_yield_usec: 100
2022/02/02-18:42:36.842616 4055b90700            Options.write_thread_slow_yield_usec: 3
2022/02/02-18:42:36.842621 4055b90700                               Options.row_cache: None
2022/02/02-18:42:36.842626 4055b90700                              Options.wal_filter: None
2022/02/02-18:42:36.842632 4055b90700             Options.avoid_flush_during_recovery: 0
2022/02/02-18:42:36.842638 4055b90700             Options.allow_ingest_behind: 0
2022/02/02-18:42:36.842644 4055b90700             Options.preserve_deletes: 0
2022/02/02-18:42:36.842649 4055b90700             Options.two_write_queues: 0
2022/02/02-18:42:36.842654 4055b90700             Options.manual_wal_flush: 0
2022/02/02-18:42:36.842661 4055b90700             Options.atomic_flush: 0
2022/02/02-18:42:36.842667 4055b90700             Options.avoid_unnecessary_blocking_io: 0
2022/02/02-18:42:36.842672 4055b90700                 Options.persist_stats_to_disk: 0
2022/02/02-18:42:36.842678 4055b90700                 Options.write_dbid_to_manifest: 0
2022/02/02-18:42:36.842684 4055b90700                 Options.log_readahead_size: 0
2022/02/02-18:42:36.842690 4055b90700                 Options.file_checksum_gen_factory: Unknown
2022/02/02-18:42:36.842696 4055b90700                 Options.best_efforts_recovery: 0
2022/02/02-18:42:36.842702 4055b90700                Options.max_bgerror_resume_count: 2147483647
2022/02/02-18:42:36.842707 4055b90700            Options.bgerror_resume_retry_interval: 1000000
2022/02/02-18:42:36.842714 4055b90700             Options.allow_data_in_errors: 0
2022/02/02-18:42:36.842720 4055b90700             Options.db_host_id: __hostname__
2022/02/02-18:42:36.842726 4055b90700             Options.max_background_jobs: 16
2022/02/02-18:42:36.842731 4055b90700             Options.max_background_compactions: -1
2022/02/02-18:42:36.842737 4055b90700             Options.max_subcompactions: 1
2022/02/02-18:42:36.842742 4055b90700             Options.avoid_flush_during_shutdown: 0
2022/02/02-18:42:36.842749 4055b90700           Options.writable_file_max_buffer_size: 1048576
2022/02/02-18:42:36.842755 4055b90700             Options.delayed_write_rate : 16777216
2022/02/02-18:42:36.842760 4055b90700             Options.max_total_wal_size: 0
2022/02/02-18:42:36.842766 4055b90700             Options.delete_obsolete_files_period_micros: 21600000000
2022/02/02-18:42:36.842771 4055b90700                   Options.stats_dump_period_sec: 600
2022/02/02-18:42:36.842776 4055b90700                 Options.stats_persist_period_sec: 600
2022/02/02-18:42:36.842782 4055b90700                 Options.stats_history_buffer_size: 1048576
2022/02/02-18:42:36.842787 4055b90700                          Options.max_open_files: -1
2022/02/02-18:42:36.842792 4055b90700                          Options.bytes_per_sync: 0
2022/02/02-18:42:36.842797 4055b90700                      Options.wal_bytes_per_sync: 0
2022/02/02-18:42:36.842802 4055b90700                   Options.strict_bytes_per_sync: 0
2022/02/02-18:42:36.842807 4055b90700       Options.compaction_readahead_size: 0
2022/02/02-18:42:36.842813 4055b90700                  Options.max_background_flushes: -1
2022/02/02-18:42:36.842871 4055b90700 Compression algorithms supported:
2022/02/02-18:42:36.842877 4055b90700 	kZSTDNotFinalCompression supported: 0
2022/02/02-18:42:36.842883 4055b90700 	kZSTD supported: 0
2022/02/02-18:42:36.842888 4055b90700 	kXpressCompression supported: 0
2022/02/02-18:42:36.842894 4055b90700 	kLZ4HCCompression supported: 0
2022/02/02-18:42:36.842899 4055b90700 	kLZ4Compression supported: 0
2022/02/02-18:42:36.842904 4055b90700 	kBZip2Compression supported: 0
2022/02/02-18:42:36.844292 4055b90700 	kZlibCompression supported: 1
2022/02/02-18:42:36.844303 4055b90700 	kSnappyCompression supported: 1
2022/02/02-18:42:36.844316 4055b90700 Fast CRC32 supported: Not supported on x86
2022/02/02-18:42:36.855369 4055b90700 [/db_impl/db_impl_open.cc:285] Creating manifest 1 
2022/02/02-18:42:36.870310 4055b90700 [/version_set.cc:4626] Recovering from manifest file: /data/db/MANIFEST-000001
2022/02/02-18:42:36.872118 4055b90700 [/column_family.cc:596] --------------- Options for column family [default]:
2022/02/02-18:42:36.872131 4055b90700               Options.comparator: leveldb.BytewiseComparator
2022/02/02-18:42:36.872138 4055b90700           Options.merge_operator: UInt64AddOperator
2022/02/02-18:42:36.872143 4055b90700        Options.compaction_filter: None
2022/02/02-18:42:36.872149 4055b90700        Options.compaction_filter_factory: None
2022/02/02-18:42:36.872154 4055b90700  Options.sst_partitioner_factory: None
2022/02/02-18:42:36.872159 4055b90700         Options.memtable_factory: SkipListFactory
2022/02/02-18:42:36.872164 4055b90700            Options.table_factory: BlockBasedTable
2022/02/02-18:42:36.872325 4055b90700            table_factory options:   flush_block_policy_factory: FlushBlockBySizePolicyFactory (0x4001d3a020)
  cache_index_and_filter_blocks: 0
  cache_index_and_filter_blocks_with_high_priority: 1
  pin_l0_filter_and_index_blocks_in_cache: 0
  pin_top_level_index_and_filter: 1
  index_type: 0
  data_block_index_type: 0
  index_shortening: 1
  data_block_hash_table_util_ratio: 0.750000
  hash_index_allow_collision: 1
  checksum: 1
  no_block_cache: 0
  block_cache: 0x400357c590
  block_cache_name: LRUCache
  block_cache_options:
    capacity : 8388608
    num_shard_bits : 4
    strict_capacity_limit : 0
    memory_allocator : None
    high_pri_pool_ratio: 0.000
  block_cache_compressed: (nil)
  persistent_cache: (nil)
  block_size: 4096
  block_size_deviation: 10
  block_restart_interval: 16
  index_block_restart_interval: 1
  metadata_block_size: 4096
  partition_filters: 0
  use_delta_encoding: 1
  filter_policy: nullptr
  whole_key_filtering: 1
  verify_compression: 0
  read_amp_bytes_per_bit: 0
  format_version: 5
  enable_index_compression: 1
  block_align: 0
2022/02/02-18:42:36.872345 4055b90700        Options.write_buffer_size: 4194304
2022/02/02-18:42:36.872351 4055b90700  Options.max_write_buffer_number: 2
2022/02/02-18:42:36.872357 4055b90700        Options.compression[0]: NoCompression
2022/02/02-18:42:36.872363 4055b90700        Options.compression[1]: NoCompression
2022/02/02-18:42:36.872369 4055b90700        Options.compression[2]: Snappy
2022/02/02-18:42:36.872374 4055b90700        Options.compression[3]: Snappy
2022/02/02-18:42:36.872412 4055b90700        Options.compression[4]: Snappy
2022/02/02-18:42:36.872417 4055b90700        Options.compression[5]: Snappy
2022/02/02-18:42:36.872423 4055b90700        Options.compression[6]: Snappy
2022/02/02-18:42:36.872428 4055b90700                  Options.bottommost_compression: Disabled
2022/02/02-18:42:36.872434 4055b90700       Options.prefix_extractor: nullptr
2022/02/02-18:42:36.872439 4055b90700   Options.memtable_insert_with_hint_prefix_extractor: nullptr
2022/02/02-18:42:36.872445 4055b90700             Options.num_levels: 7
2022/02/02-18:42:36.872450 4055b90700        Options.min_write_buffer_number_to_merge: 1
2022/02/02-18:42:36.872455 4055b90700     Options.max_write_buffer_number_to_maintain: 0
2022/02/02-18:42:36.872460 4055b90700     Options.max_write_buffer_size_to_maintain: 0
2022/02/02-18:42:36.872465 4055b90700            Options.bottommost_compression_opts.window_bits: -14
2022/02/02-18:42:36.872471 4055b90700                  Options.bottommost_compression_opts.level: 32767
2022/02/02-18:42:36.872476 4055b90700               Options.bottommost_compression_opts.strategy: 0
2022/02/02-18:42:36.872481 4055b90700         Options.bottommost_compression_opts.max_dict_bytes: 0
2022/02/02-18:42:36.872487 4055b90700         Options.bottommost_compression_opts.zstd_max_train_bytes: 0
2022/02/02-18:42:36.873549 4055b90700         Options.bottommost_compression_opts.parallel_threads: 1
2022/02/02-18:42:36.873557 4055b90700                  Options.bottommost_compression_opts.enabled: false
2022/02/02-18:42:36.873562 4055b90700         Options.bottommost_compression_opts.max_dict_buffer_bytes: 0
2022/02/02-18:42:36.873568 4055b90700            Options.compression_opts.window_bits: -14
2022/02/02-18:42:36.873573 4055b90700                  Options.compression_opts.level: 32767
2022/02/02-18:42:36.873578 4055b90700               Options.compression_opts.strategy: 0
2022/02/02-18:42:36.873583 4055b90700         Options.compression_opts.max_dict_bytes: 0
2022/02/02-18:42:36.873589 4055b90700         Options.compression_opts.zstd_max_train_bytes: 0
2022/02/02-18:42:36.873620 4055b90700         Options.compression_opts.parallel_threads: 1
2022/02/02-18:42:36.873626 4055b90700                  Options.compression_opts.enabled: false
2022/02/02-18:42:36.873632 4055b90700         Options.compression_opts.max_dict_buffer_bytes: 0
2022/02/02-18:42:36.873638 4055b90700      Options.level0_file_num_compaction_trigger: 2
2022/02/02-18:42:36.873644 4055b90700          Options.level0_slowdown_writes_trigger: 20
2022/02/02-18:42:36.873649 4055b90700              Options.level0_stop_writes_trigger: 36
2022/02/02-18:42:36.873654 4055b90700                   Options.target_file_size_base: 67108864
2022/02/02-18:42:36.873659 4055b90700             Options.target_file_size_multiplier: 1
2022/02/02-18:42:36.873664 4055b90700                Options.max_bytes_for_level_base: 536870912
2022/02/02-18:42:36.873670 4055b90700 Options.level_compaction_dynamic_level_bytes: 0
2022/02/02-18:42:36.873676 4055b90700          Options.max_bytes_for_level_multiplier: 10.000000
2022/02/02-18:42:36.873695 4055b90700 Options.max_bytes_for_level_multiplier_addtl[0]: 1
2022/02/02-18:42:36.873701 4055b90700 Options.max_bytes_for_level_multiplier_addtl[1]: 1
2022/02/02-18:42:36.873706 4055b90700 Options.max_bytes_for_level_multiplier_addtl[2]: 1
2022/02/02-18:42:36.873711 4055b90700 Options.max_bytes_for_level_multiplier_addtl[3]: 1
2022/02/02-18:42:36.873717 4055b90700 Options.max_bytes_for_level_multiplier_addtl[4]: 1
2022/02/02-18:42:36.873722 4055b90700 Options.max_bytes_for_level_multiplier_addtl[5]: 1
2022/02/02-18:42:36.873728 4055b90700 Options.max_bytes_for_level_multiplier_addtl[6]: 1
2022/02/02-18:42:36.873733 4055b90700       Options.max_sequential_skip_in_iterations: 8
2022/02/02-18:42:36.873738 4055b90700                    Options.max_compaction_bytes: 1677721600
2022/02/02-18:42:36.873744 4055b90700                        Options.arena_block_size: 524288
2022/02/02-18:42:36.873749 4055b90700   Options.soft_pending_compaction_bytes_limit: 68719476736
2022/02/02-18:42:36.873754 4055b90700   Options.hard_pending_compaction_bytes_limit: 274877906944
2022/02/02-18:42:36.873760 4055b90700       Options.rate_limit_delay_max_milliseconds: 100
2022/02/02-18:42:36.873765 4055b90700                Options.disable_auto_compactions: 0
2022/02/02-18:42:36.873772 4055b90700                        Options.compaction_style: kCompactionStyleLevel
2022/02/02-18:42:36.873778 4055b90700                          Options.compaction_pri: kMinOverlappingRatio
2022/02/02-18:42:36.873783 4055b90700 Options.compaction_options_universal.size_ratio: 1
2022/02/02-18:42:36.873789 4055b90700 Options.compaction_options_universal.min_merge_width: 2
2022/02/02-18:42:36.873794 4055b90700 Options.compaction_options_universal.max_merge_width: 4294967295
2022/02/02-18:42:36.873799 4055b90700 Options.compaction_options_universal.max_size_amplification_percent: 200
2022/02/02-18:42:36.873805 4055b90700 Options.compaction_options_universal.compression_size_percent: -1
2022/02/02-18:42:36.873811 4055b90700 Options.compaction_options_universal.stop_style: kCompactionStopStyleTotalSize
2022/02/02-18:42:36.873850 4055b90700 Options.compaction_options_fifo.max_table_files_size: 1073741824
2022/02/02-18:42:36.873857 4055b90700 Options.compaction_options_fifo.allow_compaction: 0
2022/02/02-18:42:36.874979 4055b90700                   Options.table_properties_collectors: 
2022/02/02-18:42:36.874988 4055b90700                   Options.inplace_update_support: 0
2022/02/02-18:42:36.874994 4055b90700                 Options.inplace_update_num_locks: 10000
2022/02/02-18:42:36.875000 4055b90700               Options.memtable_prefix_bloom_size_ratio: 0.000000
2022/02/02-18:42:36.875010 4055b90700               Options.memtable_whole_key_filtering: 0
2022/02/02-18:42:36.875015 4055b90700   Options.memtable_huge_page_size: 0
2022/02/02-18:42:36.875021 4055b90700                           Options.bloom_locality: 0
2022/02/02-18:42:36.875026 4055b90700                    Options.max_successive_merges: 0
2022/02/02-18:42:36.875031 4055b90700                Options.optimize_filters_for_hits: 0
2022/02/02-18:42:36.875037 4055b90700                Options.paranoid_file_checks: 0
2022/02/02-18:42:36.875042 4055b90700                Options.force_consistency_checks: 1
2022/02/02-18:42:36.875048 4055b90700                Options.report_bg_io_stats: 0
2022/02/02-18:42:36.875054 4055b90700                               Options.ttl: 2592000
2022/02/02-18:42:36.875059 4055b90700          Options.periodic_compaction_seconds: 0
2022/02/02-18:42:36.875064 4055b90700                    Options.enable_blob_files: false
2022/02/02-18:42:36.875069 4055b90700                        Options.min_blob_size: 0
2022/02/02-18:42:36.875075 4055b90700                       Options.blob_file_size: 268435456
2022/02/02-18:42:36.875081 4055b90700                Options.blob_compression_type: NoCompression
2022/02/02-18:42:36.875086 4055b90700       Options.enable_blob_garbage_collection: false
2022/02/02-18:42:36.875092 4055b90700   Options.blob_garbage_collection_age_cutoff: 0.250000
2022/02/02-18:42:36.881665 4055b90700 [/version_set.cc:4666] Recovered from manifest file:/data/db/MANIFEST-000001 succeeded,manifest_file_number is 1, next_file_number is 3, last_sequence is 0, log_number is 0,prev_log_number is 0,max_column_family is 0,min_log_number_to_keep is 0
2022/02/02-18:42:36.881692 4055b90700 [/version_set.cc:4681] Column family [default] (ID 0), log number is 0
2022/02/02-18:42:36.885974 4055b90700 [/version_set.cc:4118] Creating manifest 4
2022/02/02-18:42:36.920772 4055b90700 [/db_impl/db_impl_open.cc:1756] SstFileManager instance 0x40034c1080
2022/02/02-18:42:36.921890 4055b90700 DB pointer 0x4003514800
2022/02/02-18:42:42.928237 4040365700 [/db_impl/db_impl.cc:931] ------- DUMPING STATS -------
2022/02/02-18:42:42.935716 4040365700 [/db_impl/db_impl.cc:933] 
** DB Stats **
Uptime(secs): 6.1 total, 6.1 interval
Cumulative writes: 0 writes, 0 keys, 0 commit groups, 0.0 writes per commit group, ingest: 0.00 GB, 0.00 MB/s
Cumulative WAL: 0 writes, 0 syncs, 0.00 writes per sync, written: 0.00 GB, 0.00 MB/s
Cumulative stall: 00:00:0.000 H:M:S, 0.0 percent
Interval writes: 0 writes, 0 keys, 0 commit groups, 0.0 writes per commit group, ingest: 0.00 MB, 0.00 MB/s
Interval WAL: 0 writes, 0 syncs, 0.00 writes per sync, written: 0.00 MB, 0.00 MB/s
Interval stall: 00:00:0.000 H:M:S, 0.0 percent

** Compaction Stats [default] **
Level    Files   Size     Score Read(GB)  Rn(GB) Rnp1(GB) Write(GB) Wnew(GB) Moved(GB) W-Amp Rd(MB/s) Wr(MB/s) Comp(sec) CompMergeCPU(sec) Comp(cnt) Avg(sec) KeyIn KeyDrop Rblob(GB) Wblob(GB)
------------------------------------------------------------------------------------------------------------------------------------------------------------------------------------------------
 Sum      0/0    0.00 KB   0.0      0.0     0.0      0.0       0.0      0.0       0.0   0.0      0.0      0.0      0.00              0.00         0    0.000       0      0       0.0       0.0
 Int      0/0    0.00 KB   0.0      0.0     0.0      0.0       0.0      0.0       0.0   0.0      0.0      0.0      0.00              0.00         0    0.000       0      0       0.0       0.0

** Compaction Stats [default] **
Priority    Files   Size     Score Read(GB)  Rn(GB) Rnp1(GB) Write(GB) Wnew(GB) Moved(GB) W-Amp Rd(MB/s) Wr(MB/s) Comp(sec) CompMergeCPU(sec) Comp(cnt) Avg(sec) KeyIn KeyDrop Rblob(GB) Wblob(GB)
---------------------------------------------------------------------------------------------------------------------------------------------------------------------------------------------------

Blob file count: 0, total size: 0.0 GB

Uptime(secs): 6.1 total, 6.1 interval
Flush(GB): cumulative 0.000, interval 0.000
AddFile(GB): cumulative 0.000, interval 0.000
AddFile(Total Files): cumulative 0, interval 0
AddFile(L0 Files): cumulative 0, interval 0
AddFile(Keys): cumulative 0, interval 0
Cumulative compaction: 0.00 GB write, 0.00 MB/s write, 0.00 GB read, 0.00 MB/s read, 0.0 seconds
Interval compaction: 0.00 GB write, 0.00 MB/s write, 0.00 GB read, 0.00 MB/s read, 0.0 seconds
Stalls(count): 0 level0_slowdown, 0 level0_slowdown_with_compaction, 0 level0_numfiles, 0 level0_numfiles_with_compaction, 0 stop for pending_compaction_bytes, 0 slowdown for pending_compaction_bytes, 0 memtable_compaction, 0 memtable_slowdown, interval 0 total count

** File Read Latency Histogram By Level [default] **

** Compaction Stats [default] **
Level    Files   Size     Score Read(GB)  Rn(GB) Rnp1(GB) Write(GB) Wnew(GB) Moved(GB) W-Amp Rd(MB/s) Wr(MB/s) Comp(sec) CompMergeCPU(sec) Comp(cnt) Avg(sec) KeyIn KeyDrop Rblob(GB) Wblob(GB)
------------------------------------------------------------------------------------------------------------------------------------------------------------------------------------------------
 Sum      0/0    0.00 KB   0.0      0.0     0.0      0.0       0.0      0.0       0.0   0.0      0.0      0.0      0.00              0.00         0    0.000       0      0       0.0       0.0
 Int      0/0    0.00 KB   0.0      0.0     0.0      0.0       0.0      0.0       0.0   0.0      0.0      0.0      0.00              0.00         0    0.000       0      0       0.0       0.0

** Compaction Stats [default] **
Priority    Files   Size     Score Read(GB)  Rn(GB) Rnp1(GB) Write(GB) Wnew(GB) Moved(GB) W-Amp Rd(MB/s) Wr(MB/s) Comp(sec) CompMergeCPU(sec) Comp(cnt) Avg(sec) KeyIn KeyDrop Rblob(GB) Wblob(GB)
---------------------------------------------------------------------------------------------------------------------------------------------------------------------------------------------------

Blob file count: 0, total size: 0.0 GB

Uptime(secs): 6.1 total, 0.0 interval
Flush(GB): cumulative 0.000, interval 0.000
AddFile(GB): cumulative 0.000, interval 0.000
AddFile(Total Files): cumulative 0, interval 0
AddFile(L0 Files): cumulative 0, interval 0
AddFile(Keys): cumulative 0, interval 0
Cumulative compaction: 0.00 GB write, 0.00 MB/s write, 0.00 GB read, 0.00 MB/s read, 0.0 seconds
Interval compaction: 0.00 GB write, 0.00 MB/s write, 0.00 GB read, 0.00 MB/s read, 0.0 seconds
Stalls(count): 0 level0_slowdown, 0 level0_slowdown_with_compaction, 0 level0_numfiles, 0 level0_numfiles_with_compaction, 0 stop for pending_compaction_bytes, 0 slowdown for pending_compaction_bytes, 0 memtable_compaction, 0 memtable_slowdown, interval 0 total count

** File Read Latency Histogram By Level [default] **
2022/02/02-18:52:42.949944 4040365700 [/db_impl/db_impl.cc:931] ------- DUMPING STATS -------
2022/02/02-18:52:42.956785 4040365700 [/db_impl/db_impl.cc:933] 
** DB Stats **
Uptime(secs): 606.1 total, 600.0 interval
Cumulative writes: 18 writes, 20 keys, 18 commit groups, 0.9 writes per commit group, ingest: 0.00 GB, 0.00 MB/s
Cumulative WAL: 3 writes, 0 syncs, 3.00 writes per sync, written: 0.00 GB, 0.00 MB/s
Cumulative stall: 00:00:0.000 H:M:S, 0.0 percent
Interval writes: 18 writes, 20 keys, 18 commit groups, 0.9 writes per commit group, ingest: 0.07 MB, 0.00 MB/s
Interval WAL: 3 writes, 0 syncs, 3.00 writes per sync, written: 0.00 MB, 0.00 MB/s
Interval stall: 00:00:0.000 H:M:S, 0.0 percent

** Compaction Stats [default] **
Level    Files   Size     Score Read(GB)  Rn(GB) Rnp1(GB) Write(GB) Wnew(GB) Moved(GB) W-Amp Rd(MB/s) Wr(MB/s) Comp(sec) CompMergeCPU(sec) Comp(cnt) Avg(sec) KeyIn KeyDrop Rblob(GB) Wblob(GB)
------------------------------------------------------------------------------------------------------------------------------------------------------------------------------------------------
 Sum      0/0    0.00 KB   0.0      0.0     0.0      0.0       0.0      0.0       0.0   0.0      0.0      0.0      0.00              0.00         0    0.000       0      0       0.0       0.0
 Int      0/0    0.00 KB   0.0      0.0     0.0      0.0       0.0      0.0       0.0   0.0      0.0      0.0      0.00              0.00         0    0.000       0      0       0.0       0.0

** Compaction Stats [default] **
Priority    Files   Size     Score Read(GB)  Rn(GB) Rnp1(GB) Write(GB) Wnew(GB) Moved(GB) W-Amp Rd(MB/s) Wr(MB/s) Comp(sec) CompMergeCPU(sec) Comp(cnt) Avg(sec) KeyIn KeyDrop Rblob(GB) Wblob(GB)
---------------------------------------------------------------------------------------------------------------------------------------------------------------------------------------------------

Blob file count: 0, total size: 0.0 GB

Uptime(secs): 606.1 total, 600.0 interval
Flush(GB): cumulative 0.000, interval 0.000
AddFile(GB): cumulative 0.000, interval 0.000
AddFile(Total Files): cumulative 0, interval 0
AddFile(L0 Files): cumulative 0, interval 0
AddFile(Keys): cumulative 0, interval 0
Cumulative compaction: 0.00 GB write, 0.00 MB/s write, 0.00 GB read, 0.00 MB/s read, 0.0 seconds
Interval compaction: 0.00 GB write, 0.00 MB/s write, 0.00 GB read, 0.00 MB/s read, 0.0 seconds
Stalls(count): 0 level0_slowdown, 0 level0_slowdown_with_compaction, 0 level0_numfiles, 0 level0_numfiles_with_compaction, 0 stop for pending_compaction_bytes, 0 slowdown for pending_compaction_bytes, 0 memtable_compaction, 0 memtable_slowdown, interval 0 total count

** File Read Latency Histogram By Level [default] **

** Compaction Stats [default] **
Level    Files   Size     Score Read(GB)  Rn(GB) Rnp1(GB) Write(GB) Wnew(GB) Moved(GB) W-Amp Rd(MB/s) Wr(MB/s) Comp(sec) CompMergeCPU(sec) Comp(cnt) Avg(sec) KeyIn KeyDrop Rblob(GB) Wblob(GB)
------------------------------------------------------------------------------------------------------------------------------------------------------------------------------------------------
 Sum      0/0    0.00 KB   0.0      0.0     0.0      0.0       0.0      0.0       0.0   0.0      0.0      0.0      0.00              0.00         0    0.000       0      0       0.0       0.0
 Int      0/0    0.00 KB   0.0      0.0     0.0      0.0       0.0      0.0       0.0   0.0      0.0      0.0      0.00              0.00         0    0.000       0      0       0.0       0.0

** Compaction Stats [default] **
Priority    Files   Size     Score Read(GB)  Rn(GB) Rnp1(GB) Write(GB) Wnew(GB) Moved(GB) W-Amp Rd(MB/s) Wr(MB/s) Comp(sec) CompMergeCPU(sec) Comp(cnt) Avg(sec) KeyIn KeyDrop Rblob(GB) Wblob(GB)
---------------------------------------------------------------------------------------------------------------------------------------------------------------------------------------------------

Blob file count: 0, total size: 0.0 GB

Uptime(secs): 606.1 total, 0.0 interval
Flush(GB): cumulative 0.000, interval 0.000
AddFile(GB): cumulative 0.000, interval 0.000
AddFile(Total Files): cumulative 0, interval 0
AddFile(L0 Files): cumulative 0, interval 0
AddFile(Keys): cumulative 0, interval 0
Cumulative compaction: 0.00 GB write, 0.00 MB/s write, 0.00 GB read, 0.00 MB/s read, 0.0 seconds
Interval compaction: 0.00 GB write, 0.00 MB/s write, 0.00 GB read, 0.00 MB/s read, 0.0 seconds
Stalls(count): 0 level0_slowdown, 0 level0_slowdown_with_compaction, 0 level0_numfiles, 0 level0_numfiles_with_compaction, 0 stop for pending_compaction_bytes, 0 slowdown for pending_compaction_bytes, 0 memtable_compaction, 0 memtable_slowdown, interval 0 total count

** File Read Latency Histogram By Level [default] **
2022/02/02-19:11:58.117458 4040365700 [/db_impl/db_impl.cc:931] ------- DUMPING STATS -------
2022/02/02-19:11:58.117865 4040365700 [/db_impl/db_impl.cc:933] 
** DB Stats **
Uptime(secs): 1761.2 total, 1155.2 interval
Cumulative writes: 18 writes, 20 keys, 18 commit groups, 0.9 writes per commit group, ingest: 0.00 GB, 0.00 MB/s
Cumulative WAL: 3 writes, 0 syncs, 3.00 writes per sync, written: 0.00 GB, 0.00 MB/s
Cumulative stall: 00:00:0.000 H:M:S, 0.0 percent
Interval writes: 0 writes, 0 keys, 0 commit groups, 0.0 writes per commit group, ingest: 0.00 MB, 0.00 MB/s
Interval WAL: 0 writes, 0 syncs, 0.00 writes per sync, written: 0.00 MB, 0.00 MB/s
Interval stall: 00:00:0.000 H:M:S, 0.0 percent

** Compaction Stats [default] **
Level    Files   Size     Score Read(GB)  Rn(GB) Rnp1(GB) Write(GB) Wnew(GB) Moved(GB) W-Amp Rd(MB/s) Wr(MB/s) Comp(sec) CompMergeCPU(sec) Comp(cnt) Avg(sec) KeyIn KeyDrop Rblob(GB) Wblob(GB)
------------------------------------------------------------------------------------------------------------------------------------------------------------------------------------------------
 Sum      0/0    0.00 KB   0.0      0.0     0.0      0.0       0.0      0.0       0.0   0.0      0.0      0.0      0.00              0.00         0    0.000       0      0       0.0       0.0
 Int      0/0    0.00 KB   0.0      0.0     0.0      0.0       0.0      0.0       0.0   0.0      0.0      0.0      0.00              0.00         0    0.000       0      0       0.0       0.0

** Compaction Stats [default] **
Priority    Files   Size     Score Read(GB)  Rn(GB) Rnp1(GB) Write(GB) Wnew(GB) Moved(GB) W-Amp Rd(MB/s) Wr(MB/s) Comp(sec) CompMergeCPU(sec) Comp(cnt) Avg(sec) KeyIn KeyDrop Rblob(GB) Wblob(GB)
---------------------------------------------------------------------------------------------------------------------------------------------------------------------------------------------------

Blob file count: 0, total size: 0.0 GB

Uptime(secs): 1761.2 total, 1155.2 interval
Flush(GB): cumulative 0.000, interval 0.000
AddFile(GB): cumulative 0.000, interval 0.000
AddFile(Total Files): cumulative 0, interval 0
AddFile(L0 Files): cumulative 0, interval 0
AddFile(Keys): cumulative 0, interval 0
Cumulative compaction: 0.00 GB write, 0.00 MB/s write, 0.00 GB read, 0.00 MB/s read, 0.0 seconds
Interval compaction: 0.00 GB write, 0.00 MB/s write, 0.00 GB read, 0.00 MB/s read, 0.0 seconds
Stalls(count): 0 level0_slowdown, 0 level0_slowdown_with_compaction, 0 level0_numfiles, 0 level0_numfiles_with_compaction, 0 stop for pending_compaction_bytes, 0 slowdown for pending_compaction_bytes, 0 memtable_compaction, 0 memtable_slowdown, interval 0 total count

** File Read Latency Histogram By Level [default] **

** Compaction Stats [default] **
Level    Files   Size     Score Read(GB)  Rn(GB) Rnp1(GB) Write(GB) Wnew(GB) Moved(GB) W-Amp Rd(MB/s) Wr(MB/s) Comp(sec) CompMergeCPU(sec) Comp(cnt) Avg(sec) KeyIn KeyDrop Rblob(GB) Wblob(GB)
------------------------------------------------------------------------------------------------------------------------------------------------------------------------------------------------
 Sum      0/0    0.00 KB   0.0      0.0     0.0      0.0       0.0      0.0       0.0   0.0      0.0      0.0      0.00              0.00         0    0.000       0      0       0.0       0.0
 Int      0/0    0.00 KB   0.0      0.0     0.0      0.0       0.0      0.0       0.0   0.0      0.0      0.0      0.00              0.00         0    0.000       0      0       0.0       0.0

** Compaction Stats [default] **
Priority    Files   Size     Score Read(GB)  Rn(GB) Rnp1(GB) Write(GB) Wnew(GB) Moved(GB) W-Amp Rd(MB/s) Wr(MB/s) Comp(sec) CompMergeCPU(sec) Comp(cnt) Avg(sec) KeyIn KeyDrop Rblob(GB) Wblob(GB)
---------------------------------------------------------------------------------------------------------------------------------------------------------------------------------------------------

Blob file count: 0, total size: 0.0 GB

Uptime(secs): 1761.2 total, 0.0 interval
Flush(GB): cumulative 0.000, interval 0.000
AddFile(GB): cumulative 0.000, interval 0.000
AddFile(Total Files): cumulative 0, interval 0
AddFile(L0 Files): cumulative 0, interval 0
AddFile(Keys): cumulative 0, interval 0
Cumulative compaction: 0.00 GB write, 0.00 MB/s write, 0.00 GB read, 0.00 MB/s read, 0.0 seconds
Interval compaction: 0.00 GB write, 0.00 MB/s write, 0.00 GB read, 0.00 MB/s read, 0.0 seconds
Stalls(count): 0 level0_slowdown, 0 level0_slowdown_with_compaction, 0 level0_numfiles, 0 level0_numfiles_with_compaction, 0 stop for pending_compaction_bytes, 0 slowdown for pending_compaction_bytes, 0 memtable_compaction, 0 memtable_slowdown, interval 0 total count

** File Read Latency Histogram By Level [default] **
2022/02/02-19:11:58.426091 4057393700 [ilities/checkpoint/checkpoint_impl.cc:90] Started the snapshot process -- creating snapshot in directory /data/state/snapshot/temp/db_snapshot
2022/02/02-19:11:58.426435 4057393700 [ilities/checkpoint/checkpoint_impl.cc:106] Snapshot process -- using temporary directory /data/state/snapshot/temp/db_snapshot.tmp
2022/02/02-19:11:58.434871 4057393700 [/db_impl/db_impl_files.cc:49] File Deletions Disabled
2022/02/02-19:11:58.462325 4057393700 [/db_impl/db_impl_write.cc:1770] [default] New memtable created with log file: #8. Immutable memtables: 0.
2022/02/02-19:11:58.480707 4037353700 (Original Log Time 2022/02/02-19:11:58.474393) [/db_impl/db_impl_compaction_flush.cc:2548] Calling FlushMemTableToOutputFile with column family [default], flush slots available 4, compaction slots available 1, flush slots scheduled 1, compaction slots scheduled 0
2022/02/02-19:11:58.480796 4037353700 [/flush_job.cc:339] [default] [JOB 2] Flushing memtable with next log file: 8
2022/02/02-19:11:58.483429 4037353700 EVENT_LOG_v1 {"time_micros": 1643829118483069, "job": 2, "event": "flush_started", "num_memtables": 1, "num_entries": 20, "num_deletes": 0, "total_data_size": 71532, "memory_usage": 72984, "flush_reason": "Get Live Files"}
2022/02/02-19:11:58.483532 4037353700 [/flush_job.cc:368] [default] [JOB 2] Level-0 flush table #9: started
2022/02/02-19:11:58.526148 4037353700 EVENT_LOG_v1 {"time_micros": 1643829118524952, "cf_name": "default", "job": 2, "event": "table_file_creation", "file_number": 9, "file_size": 2122, "file_checksum": "", "file_checksum_func_name": "Unknown", "table_properties": {"data_size": 1007, "index_size": 30, "index_partitions": 0, "top_level_index_size": 0, "index_key_is_user_key": 1, "index_value_is_delta_encoded": 1, "filter_size": 0, "raw_key_size": 114, "raw_average_key_size": 19, "raw_value_size": 988, "raw_average_value_size": 164, "num_data_blocks": 1, "num_entries": 6, "num_deletions": 3, "num_merge_operands": 0, "num_range_deletions": 3, "format_version": 0, "fixed_key_len": 0, "filter_policy": "", "column_family_name": "default", "column_family_id": 0, "comparator": "leveldb.BytewiseComparator", "merge_operator": "UInt64AddOperator", "prefix_extractor_name": "nullptr", "property_collectors": "[]", "compression": "NoCompression", "compression_options": "window_bits=-14; level=32767; strategy=0; max_dict_bytes=0; zstd_max_train_bytes=0; enabled=0; max_dict_buffer_bytes=0; ", "creation_time": 1643827392, "oldest_key_time": 1643827392, "file_creation_time": 1643829118, "slow_compression_estimated_data_size": 0, "fast_compression_estimated_data_size": 0, "db_id": "78590ef4-b31e-46c8-bf2d-c6a4c06cf3f2", "db_session_id": "M07R9KUY807OG0GZVM0J"}}
2022/02/02-19:11:58.529100 4037353700 [/flush_job.cc:427] [default] [JOB 2] Level-0 flush table #9: 2122 bytes OK
2022/02/02-19:11:58.536573 4037353700 (Original Log Time 2022/02/02-19:11:58.530168) [/memtable_list.cc:449] [default] Level-0 commit table #9 started
2022/02/02-19:11:58.536587 4037353700 (Original Log Time 2022/02/02-19:11:58.534826) [/memtable_list.cc:629] [default] Level-0 commit table #9: memtable #1 done
2022/02/02-19:11:58.536594 4037353700 (Original Log Time 2022/02/02-19:11:58.535615) EVENT_LOG_v1 {"time_micros": 1643829118535343, "job": 2, "event": "flush_finished", "output_compression": "NoCompression", "lsm_state": [1, 0, 0, 0, 0, 0, 0], "immutable_memtables": 0}
2022/02/02-19:11:58.536602 4037353700 (Original Log Time 2022/02/02-19:11:58.535906) [/db_impl/db_impl_compaction_flush.cc:239] [default] Level summary: files[1 0 0 0 0 0 0] max score 0.50
2022/02/02-19:11:58.682907 4057393700 [ilities/checkpoint/checkpoint_impl.cc:134] Copying /MANIFEST-000004
2022/02/02-19:11:58.694489 4057393700 [ilities/checkpoint/checkpoint_impl.cc:134] Copying /OPTIONS-000007
2022/02/02-19:11:58.702232 4057393700 [ilities/checkpoint/checkpoint_impl.cc:124] Hard Linking /000009.sst
2022/02/02-19:11:58.713328 4057393700 [ilities/checkpoint/checkpoint_impl.cc:140] Creating /CURRENT
2022/02/02-19:11:58.717279 4057393700 [ilities/checkpoint/checkpoint_impl.cc:375] Number of log files 1
2022/02/02-19:11:58.719181 4057393700 [/db_impl/db_impl_files.cc:78] File Deletions Enabled
2022/02/02-19:11:58.719375 4057393700 [/db_impl/db_impl_files.cc:417] [JOB 0] Try to delete WAL files size 135, prev total WAL file size 135, number of live WAL files 2.
2022/02/02-19:11:58.723733 4057393700 [/wal_manager.cc:281] Move log file /data/db/000005.log to /data/db/archive/000005.log -- OK
2022/02/02-19:11:58.724550 4057393700 [/wal_manager.cc:281] Move log file /data/db/000005.log to /data/db/archive/000005.log -- IO error: No such file or directory: While renaming a file to /data/db/archive/000005.log: /data/db/000005.log: No such file or directory
2022/02/02-19:11:58.731808 4057393700 [ilities/checkpoint/checkpoint_impl.cc:172] Snapshot DONE. All is good
2022/02/02-19:11:58.731830 4057393700 [ilities/checkpoint/checkpoint_impl.cc:173] Snapshot sequence number: 20
2022/02/02-19:29:10.817388 4040365700 [/db_impl/db_impl.cc:931] ------- DUMPING STATS -------
2022/02/02-19:29:10.817733 4040365700 [/db_impl/db_impl.cc:933] 
** DB Stats **
Uptime(secs): 2793.9 total, 1032.7 interval
Cumulative writes: 20 writes, 22 keys, 20 commit groups, 1.0 writes per commit group, ingest: 0.00 GB, 0.00 MB/s
Cumulative WAL: 4 writes, 0 syncs, 4.00 writes per sync, written: 0.00 GB, 0.00 MB/s
Cumulative stall: 00:00:0.000 H:M:S, 0.0 percent
Interval writes: 2 writes, 2 keys, 2 commit groups, 0.7 writes per commit group, ingest: 0.00 MB, 0.00 MB/s
Interval WAL: 1 writes, 0 syncs, 1.00 writes per sync, written: 0.00 MB, 0.00 MB/s
Interval stall: 00:00:0.000 H:M:S, 0.0 percent

** Compaction Stats [default] **
Level    Files   Size     Score Read(GB)  Rn(GB) Rnp1(GB) Write(GB) Wnew(GB) Moved(GB) W-Amp Rd(MB/s) Wr(MB/s) Comp(sec) CompMergeCPU(sec) Comp(cnt) Avg(sec) KeyIn KeyDrop Rblob(GB) Wblob(GB)
------------------------------------------------------------------------------------------------------------------------------------------------------------------------------------------------
  L0      1/0    2.07 KB   0.5      0.0     0.0      0.0       0.0      0.0       0.0   1.0      0.0      0.0      0.05              0.04         1    0.049       0      0       0.0       0.0
 Sum      1/0    2.07 KB   0.0      0.0     0.0      0.0       0.0      0.0       0.0   1.0      0.0      0.0      0.05              0.04         1    0.049       0      0       0.0       0.0
